793  273  677  101  269  85  528  509  343  171  89  961  640  698  762  230  726  820  570  658  92  550  765  978  288  327  935  34  678  749  201  408  427  189  83  865  277  625  91  736  401  647  989  940  68  95  171  682  998  229  806  459  12  977  30  792  990  675  518  378  744  474  52  30  148  822  232  466  943  596  746  537  51  499  249  69  30  229  953  710  977  440  165  133  115  974  758  78  447  921  682  854  195  251  192  120  922  317  275  959  
757  422  109  559  309  15  198  20  396  764  773  136  237  5  271  855  921  638  157  566  364  452  610  403  623  962  566  502  471  706  613  712  38  567  284  915  336  370  340  242  944  332  855  786  644  900  459  186  318  265  533  215  661  467  359  283  220  757  677  158  265  141  213  638  241  463  166  339  506  558  282  798  49  604  446  107  973  453  169  156  259  655  603  609  939  517  393  525  242  60  518  74  154  125  756  959  584  509  907  33  
180  225  809  992  846  222  283  12  215  111  250  184  294  112  722  797  548  43  815  777  546  729  105  554  505  52  25  982  418  146  220  893  167  604  880  977  377  328  197  804  348  444  726  923  808  676  423  218  522  141  137  696  50  427  477  668  134  664  749  784  927  782  305  437  257  583  560  216  513  267  973  251  259  370  724  879  18  122  573  544  107  955  745  249  43  481  234  882  304  58  992  991  126  561  385  187  924  402  320  413  
654  422  186  282  588  930  549  99  738  963  290  840  537  53  964  716  878  796  465  355  33  218  529  74  97  362  477  55  855  652  809  424  104  915  205  520  191  51  144  943  82  983  718  97  723  586  997  922  737  940  514  640  480  15  473  514  519  339  620  343  721  47  547  578  231  600  421  517  604  15  862  780  64  166  26  771  792  827  681  770  174  57  820  288  325  139  415  638  441  378  343  125  876  953  693  282  467  303  715  985  
115  452  695  593  462  768  406  478  626  936  267  172  36  954  240  707  928  164  748  782  205  568  501  328  655  787  584  25  76  117  295  333  924  651  274  142  954  548  73  227  248  425  409  889  770  713  261  769  866  323  343  130  988  805  439  345  74  388  195  70  227  109  88  896  215  484  640  731  750  467  268  26  434  158  635  224  194  916  92  275  697  896  177  411  334  416  525  727  669  950  375  993  78  382  815  939  388  943  240  745  
193  757  486  505  176  886  418  793  651  652  429  720  662  355  633  360  620  771  150  722  120  783  915  682  694  471  987  652  827  140  163  880  691  386  784  762  146  250  334  221  853  441  831  760  449  451  272  97  516  436  267  506  859  553  480  570  972  186  373  157  61  842  136  70  948  826  706  52  768  707  134  746  112  610  810  212  267  897  758  983  63  20  779  184  534  42  374  632  334  837  532  270  136  866  296  637  340  748  587  327  
146  598  443  155  804  457  903  355  234  453  930  457  902  563  687  19  474  922  308  692  342  704  745  197  782  452  418  676  3  634  19  932  601  926  60  469  137  244  974  629  456  535  501  271  968  145  478  740  221  219  170  583  386  573  388  380  709  424  687  60  441  394  923  442  667  738  426  866  919  276  606  171  483  143  894  722  564  581  665  233  304  307  186  216  460  963  324  883  847  726  695  739  758  213  403  826  97  505  853  761  
22  289  944  44  317  933  334  417  828  657  15  316  700  220  289  815  83  129  673  0  35  957  905  979  354  10  426  746  92  284  596  882  455  595  620  240  709  912  292  740  727  427  625  501  599  572  290  612  911  368  348  189  864  766  190  356  998  443  913  796  66  787  783  270  520  401  57  144  323  673  809  692  293  148  311  690  875  100  866  456  431  640  53  297  144  993  597  452  520  438  344  496  653  774  184  44  354  725  703  371  
342  232  637  511  157  884  448  21  918  427  644  203  965  713  979  405  362  294  511  701  122  125  454  292  932  197  740  332  926  549  799  697  96  421  631  520  321  898  133  21  34  531  886  555  128  554  111  520  758  213  795  847  66  902  539  330  966  823  270  111  338  362  73  826  432  728  824  348  80  424  557  915  510  738  728  226  208  404  225  274  484  646  882  872  450  137  384  377  269  77  995  132  224  387  44  391  110  760  119  941  
331  732  401  86  81  33  716  239  486  240  584  299  444  376  916  146  968  704  29  970  800  199  318  459  582  586  489  951  874  174  597  18  568  63  601  382  701  752  799  466  376  4  476  620  222  772  912  813  614  745  841  732  735  853  973  701  478  653  511  763  452  586  977  379  816  393  884  44  769  815  339  556  895  144  519  420  154  626  758  23  283  838  677  55  2  55  640  313  575  326  399  242  485  428  852  601  771  969  2  775  
437  797  568  700  355  382  510  116  721  546  56  314  167  597  416  419  673  404  408  991  137  3  305  500  363  484  990  107  658  777  732  439  769  396  126  635  669  636  115  515  689  259  739  229  521  375  731  841  572  389  237  48  492  892  100  809  927  729  566  330  299  231  874  828  581  122  828  711  115  100  950  121  507  151  922  857  739  723  550  656  971  619  494  803  800  171  680  906  466  653  396  548  351  92  251  663  601  680  826  522  
502  700  959  366  536  188  891  133  276  3  824  201  126  587  420  424  589  751  734  150  250  702  401  819  303  16  944  359  78  590  753  740  775  565  573  843  422  459  502  1  884  773  297  203  741  608  198  319  915  47  974  133  233  373  981  743  10  467  824  260  170  259  809  347  173  398  16  607  495  172  860  485  988  330  202  622  433  417  653  281  738  212  367  608  349  353  103  534  391  108  788  871  790  681  905  873  71  569  769  106  
529  654  637  690  770  10  331  42  872  333  481  341  82  134  674  486  984  612  216  114  432  877  988  623  763  502  58  157  375  484  336  484  518  355  448  959  551  813  499  512  107  29  17  379  499  972  679  911  273  540  568  322  716  444  135  181  663  491  459  816  124  520  780  350  437  841  549  485  179  314  243  239  939  833  309  52  214  320  653  652  495  650  886  703  195  218  661  63  748  232  173  81  886  557  654  168  942  801  70  770  
639  523  427  359  383  425  743  95  745  576  196  939  452  270  538  416  117  575  560  23  24  501  207  656  901  211  533  400  904  507  848  864  745  486  937  705  134  837  108  21  446  341  629  935  855  920  229  165  97  698  845  204  181  121  674  398  401  833  18  672  949  887  526  591  147  684  152  36  874  988  375  652  499  487  600  189  168  936  143  430  282  437  559  983  122  574  862  865  522  281  500  999  844  452  990  621  787  637  6  272  
498  151  149  894  690  854  476  719  535  5  31  540  485  446  227  359  967  690  930  4  464  145  396  630  109  140  464  404  515  600  924  29  581  486  913  194  633  18  186  236  852  9  894  830  283  582  940  28  283  190  447  764  491  290  610  435  481  933  349  468  937  567  353  620  221  505  89  9  546  594  681  845  159  338  763  253  620  205  576  151  624  145  156  947  3  244  373  57  142  240  917  347  335  264  70  748  889  72  437  178  
708  863  634  344  17  112  919  231  40  410  967  279  221  213  906  592  929  878  870  453  725  517  383  963  516  924  338  814  345  938  662  549  231  681  581  695  432  965  978  575  384  567  275  660  290  240  720  355  563  730  380  585  846  179  68  707  352  747  142  913  29  976  644  515  826  104  241  858  861  488  731  98  626  10  449  934  263  124  31  901  34  606  904  340  570  691  467  820  387  205  97  301  598  179  62  547  807  156  662  112  
977  88  378  698  39  812  395  742  21  415  143  741  303  51  1  766  943  638  949  85  157  505  4  930  386  120  613  661  549  900  150  273  666  294  225  46  496  781  113  347  890  785  767  931  696  113  488  72  927  258  58  830  102  824  223  145  250  34  792  953  493  369  798  245  266  754  517  894  700  765  323  709  183  724  23  304  303  575  205  465  0  144  209  999  726  611  369  521  190  504  576  528  981  99  193  932  95  236  145  538  
186  811  304  485  428  142  904  3  883  959  15  241  788  471  762  241  597  48  387  26  495  465  509  569  118  594  476  399  923  627  867  587  860  937  824  722  834  73  346  20  723  287  806  697  201  841  414  587  884  55  404  93  827  510  846  805  912  630  514  102  197  705  619  193  689  733  980  932  359  595  389  588  481  552  492  288  297  668  37  77  121  522  413  777  372  47  715  810  899  951  33  727  652  60  978  818  937  456  588  556  
877  749  247  553  876  250  6  862  883  257  446  600  141  375  357  366  528  908  654  402  984  804  177  124  402  709  159  240  772  865  255  193  243  622  11  774  228  149  79  267  215  800  26  51  609  511  973  309  609  973  836  245  133  942  723  300  310  483  556  10  890  530  614  371  64  424  943  184  921  216  157  744  997  305  105  174  555  330  325  981  910  81  80  545  452  85  863  496  456  104  894  761  891  913  320  315  326  553  947  265  
475  693  248  692  917  203  418  258  77  432  660  454  478  585  375  824  571  457  884  39  136  411  151  668  135  288  822  944  300  922  569  576  170  786  921  208  111  511  573  598  869  457  555  193  739  797  588  378  724  17  331  561  326  131  103  987  350  893  55  802  938  635  758  918  190  208  696  83  931  366  587  106  693  780  377  893  172  77  989  581  510  999  771  246  986  577  470  750  632  704  748  434  639  380  108  473  783  175  652  37  
945  790  116  471  676  746  215  874  633  441  490  355  825  65  797  47  293  949  379  302  373  739  653  238  21  964  387  667  30  870  125  182  633  623  991  692  242  203  948  688  730  256  180  931  932  688  489  75  101  30  598  530  566  677  777  617  451  85  699  540  841  983  781  863  532  131  149  313  182  271  17  280  55  779  19  622  393  540  22  603  251  262  768  402  265  5  457  592  442  789  859  370  962  936  233  47  552  928  237  191  
122  502  813  289  880  851  374  979  135  796  524  597  568  435  705  663  128  180  212  421  24  245  555  55  735  426  660  702  591  983  472  492  517  488  593  284  925  197  22  402  686  138  685  187  18  462  632  904  945  394  427  983  910  973  116  499  338  349  260  653  295  384  549  699  655  788  797  759  895  668  842  603  870  444  214  965  859  375  878  957  502  575  205  854  28  380  46  916  777  104  489  955  458  107  501  65  889  467  192  141  
940  463  427  839  111  403  82  681  257  558  482  271  485  922  443  843  755  228  720  604  662  365  596  824  622  712  536  160  705  93  803  779  965  669  473  141  434  903  815  249  598  282  821  69  648  836  524  845  217  163  923  403  896  770  85  637  317  646  269  863  888  202  445  955  19  727  83  158  925  800  661  44  248  405  446  887  342  526  929  524  456  418  846  927  518  928  251  1  214  479  421  366  822  833  423  412  900  429  769  776  
41  525  429  603  257  205  318  38  983  862  90  169  494  881  554  642  402  487  647  148  736  897  423  174  492  996  600  518  858  223  453  733  535  408  182  157  424  11  37  448  819  524  766  531  573  24  286  555  947  63  616  7  525  173  812  798  176  737  329  106  124  141  924  309  525  583  546  330  461  575  842  288  234  626  670  986  147  206  923  451  689  8  759  736  436  2  531  366  292  73  522  166  609  102  385  558  965  387  94  979  
64  232  381  571  372  318  145  911  354  909  753  193  764  409  468  586  237  898  165  783  550  756  346  157  211  379  673  154  101  195  500  118  145  976  944  91  281  489  184  73  313  195  167  189  836  395  390  802  216  491  242  728  32  505  225  692  273  364  807  9  87  585  924  158  832  845  993  487  305  228  411  936  128  785  502  159  474  294  197  26  341  838  857  729  345  850  145  781  587  105  673  881  602  635  550  736  701  304  96  639  
388  428  401  357  47  518  501  136  772  170  586  361  797  275  587  859  768  517  575  431  697  930  335  308  693  931  352  654  544  937  998  44  306  188  58  654  838  284  245  463  195  590  813  71  982  98  343  733  111  971  782  275  59  126  962  673  474  23  565  639  602  912  850  205  668  338  239  78  717  697  293  724  271  628  85  813  745  883  981  279  13  180  820  408  649  798  666  601  656  735  675  347  97  284  677  475  680  984  896  802  
116  887  542  888  897  858  939  10  150  397  231  737  482  847  233  86  819  171  430  331  783  861  499  595  702  462  143  212  152  196  468  932  379  172  296  698  31  289  934  175  246  457  227  892  590  950  590  493  977  586  879  879  999  463  804  198  306  742  623  626  650  551  420  499  138  688  802  442  467  505  119  818  759  71  745  71  9  895  19  278  675  46  580  37  512  39  222  60  475  772  62  933  184  360  239  695  169  229  644  721  
596  986  102  845  635  295  738  683  243  667  135  944  682  598  206  982  130  659  803  86  299  320  115  963  520  441  206  177  1  169  583  678  873  555  978  319  801  841  494  679  860  146  347  763  284  945  837  361  493  60  225  803  545  274  543  558  796  576  89  760  608  774  787  305  124  701  404  305  864  772  780  555  29  20  318  632  914  680  960  671  74  17  584  739  660  641  281  869  211  822  983  956  184  194  63  835  236  184  523  490  
418  41  701  119  52  481  273  142  221  211  471  718  175  44  609  279  614  782  906  361  101  971  936  670  367  630  628  115  697  268  808  490  734  184  536  492  226  384  155  813  372  370  371  320  933  619  444  270  286  945  402  809  562  15  326  37  15  473  570  233  291  417  914  618  604  393  206  105  752  162  237  94  678  37  604  909  621  263  96  256  540  730  856  765  594  754  550  585  199  701  384  661  706  903  130  649  732  444  38  166  
124  679  279  360  205  51  753  923  269  160  61  173  456  857  69  629  261  187  731  539  206  408  742  344  158  429  159  447  38  1  1  196  744  607  296  915  464  765  43  884  815  70  325  422  330  165  944  810  923  51  83  282  774  43  189  609  231  740  570  412  658  79  471  794  234  514  400  760  414  723  338  88  722  953  965  794  370  615  562  563  612  122  774  662  854  942  677  257  573  12  651  33  944  815  927  336  428  311  657  822  
1  821  909  677  821  504  16  314  304  287  642  921  352  376  69  688  614  561  29  470  432  461  713  565  464  233  329  279  149  343  920  421  848  539  204  573  546  692  836  628  540  845  777  458  303  525  183  758  670  940  14  674  888  807  629  353  234  173  974  621  357  690  840  109  99  780  8  239  856  685  273  619  471  145  735  369  226  320  662  42  622  542  272  141  622  201  526  739  719  666  566  141  76  472  87  63  274  265  49  988  
383  923  968  788  167  322  691  315  175  947  535  564  750  648  82  686  608  604  21  461  133  562  217  228  929  9  821  458  182  371  694  371  751  350  585  873  917  170  693  578  808  628  397  43  318  426  900  669  960  176  57  951  141  827  445  516  374  892  763  95  309  287  720  324  256  877  43  1  762  135  198  213  147  788  557  895  806  164  55  762  84  581  67  567  320  550  413  716  699  683  657  700  824  632  774  255  954  153  55  764  
884  946  70  588  746  658  426  464  375  502  51  950  990  219  275  599  764  707  151  389  22  676  966  235  415  605  681  189  805  330  356  147  757  290  812  615  523  136  362  487  167  967  495  991  52  761  928  263  787  857  635  565  296  440  18  516  451  293  137  693  65  832  171  829  228  905  569  55  768  156  285  699  543  672  940  728  408  313  762  469  844  218  947  894  841  278  327  125  514  369  245  112  822  515  51  186  432  413  661  676  
296  391  372  692  312  153  809  310  865  553  842  755  910  588  876  568  273  464  963  736  638  161  285  868  765  274  805  754  419  327  511  788  523  249  359  291  728  762  703  435  759  826  720  656  643  656  785  322  577  540  558  21  69  349  410  931  180  975  961  998  220  511  255  321  465  106  469  479  801  739  325  342  794  747  972  101  450  462  975  204  31  20  465  274  41  965  644  581  653  984  910  309  315  181  598  210  506  146  719  400  
218  675  324  584  970  438  964  713  651  166  161  38  53  917  59  25  465  928  722  640  902  406  996  544  168  441  724  936  22  984  612  663  882  52  452  24  423  753  323  276  318  47  925  497  121  986  45  962  468  743  485  14  177  849  125  950  155  746  384  825  829  741  981  803  915  700  172  70  585  285  695  270  435  507  259  796  13  482  79  931  932  338  181  383  628  888  686  471  172  442  811  984  271  809  145  516  884  572  517  210  
256  130  288  104  506  832  564  695  176  396  912  478  880  225  697  737  169  605  402  211  27  991  340  826  524  780  449  658  341  507  230  941  532  584  264  113  947  127  112  498  817  458  249  842  856  268  97  382  383  350  479  739  280  673  180  81  132  750  29  86  286  931  928  838  646  751  876  794  159  384  118  590  746  898  121  656  316  218  550  165  846  908  149  14  172  194  251  252  704  86  276  511  399  386  634  557  356  934  102  105  
988  250  135  130  138  917  49  247  468  949  168  247  806  103  901  461  925  841  808  691  446  126  375  110  880  74  245  531  327  942  478  401  267  191  194  127  1  754  113  407  200  683  702  867  39  494  551  662  444  557  819  759  632  940  997  754  609  777  600  735  752  551  796  263  277  325  128  596  871  83  112  784  152  533  9  505  921  379  634  131  386  103  358  663  132  104  375  939  682  399  413  225  421  577  871  669  744  589  17  633  
956  614  942  795  877  194  656  257  196  20  479  76  85  895  134  387  420  932  996  161  644  966  265  602  496  804  543  522  382  343  508  646  224  28  453  711  141  20  316  996  136  954  205  863  95  933  806  996  30  239  141  309  253  620  454  9  664  215  445  654  581  298  425  820  779  741  50  36  233  713  837  905  381  453  189  558  183  872  131  561  100  808  577  662  255  859  380  670  517  140  929  593  255  752  537  650  790  209  168  667  
586  562  938  713  939  525  62  384  564  722  48  770  61  464  866  268  72  833  82  354  174  33  442  796  691  655  180  481  255  551  260  427  614  279  747  227  347  449  17  30  208  73  131  319  17  695  125  32  346  511  777  372  125  159  153  647  465  544  633  663  543  465  273  604  183  928  569  799  739  938  502  807  994  942  596  985  64  565  428  89  467  284  321  348  921  517  21  456  65  611  585  94  551  309  245  415  676  389  44  557  
620  745  220  27  786  929  68  88  434  570  943  431  973  594  977  218  482  613  31  465  194  632  364  518  309  484  400  699  852  733  291  478  559  356  668  627  664  985  579  490  191  245  789  819  151  71  881  695  792  381  190  73  78  270  400  453  683  894  59  296  993  81  999  313  955  995  365  237  388  720  32  369  231  559  415  636  504  164  578  106  667  566  531  913  317  310  608  501  599  642  30  439  58  745  336  126  39  624  624  188  
238  92  740  748  50  520  525  962  218  441  788  252  755  880  110  239  261  121  466  270  587  106  912  286  991  85  269  293  413  937  476  197  638  414  191  123  440  640  846  805  228  358  334  548  73  539  238  6  479  957  167  982  238  860  562  928  184  117  14  967  204  903  50  218  764  654  743  607  793  863  362  102  150  723  985  954  931  191  20  627  987  962  774  871  512  57  859  914  477  208  356  916  443  458  657  594  240  827  399  855  
638  172  618  716  48  231  613  974  10  827  583  912  785  866  224  248  201  745  708  958  462  848  791  914  692  42  474  365  139  375  565  836  29  288  646  208  506  931  264  657  55  104  312  596  786  51  396  202  161  548  573  163  643  643  686  283  646  831  629  732  51  856  58  524  624  899  269  297  252  223  397  130  408  950  150  879  420  950  43  900  848  753  637  866  276  90  282  422  529  968  577  590  946  415  101  745  909  733  336  631  
767  163  338  65  247  261  762  354  33  188  324  822  782  689  876  561  297  500  994  276  701  639  495  763  310  852  23  866  742  950  718  554  977  623  56  679  578  973  140  308  951  970  40  456  619  188  59  674  627  843  415  867  355  994  654  4  313  15  863  568  273  518  544  339  259  130  462  267  243  221  763  957  720  627  399  675  311  50  210  557  864  437  705  229  209  690  511  992  873  711  230  842  256  68  734  417  742  333  341  901  
681  879  135  214  99  837  16  822  642  43  376  256  361  491  271  242  424  582  617  335  824  798  211  688  810  41  463  684  232  464  116  965  396  625  322  382  527  938  612  89  997  743  630  213  151  565  857  329  384  568  13  338  213  786  999  955  815  845  467  661  219  643  852  924  259  36  105  229  662  848  618  981  126  389  68  100  249  571  848  922  146  278  531  232  608  4  194  802  823  624  972  867  477  878  556  17  440  264  831  683  
679  840  571  777  542  30  577  979  350  77  804  605  292  313  258  873  953  972  267  397  146  25  455  678  928  760  341  565  242  660  98  369  362  609  646  838  662  682  533  612  136  466  692  667  544  777  307  885  712  257  402  524  0  434  495  239  243  235  495  895  265  313  298  838  319  437  732  298  964  97  105  918  270  779  353  11  148  46  581  749  797  853  121  208  897  737  618  781  774  437  177  183  710  584  80  803  766  954  517  375  
994  763  253  514  559  408  35  317  490  927  9  176  568  566  349  88  181  791  912  536  856  783  724  149  839  799  116  671  207  681  936  596  663  439  656  711  565  633  393  577  785  502  238  271  369  93  729  45  564  956  722  360  275  112  111  58  285  790  637  778  826  258  261  266  946  86  91  213  599  318  955  864  776  121  13  833  224  786  699  341  287  96  416  574  30  618  187  253  280  127  827  620  255  909  942  0  421  936  53  421  
349  214  426  26  881  105  333  358  141  45  179  714  260  810  153  193  337  843  975  855  817  880  200  926  343  282  296  726  263  725  831  429  255  195  918  453  43  974  919  734  577  925  426  748  156  667  117  858  860  453  908  62  558  859  522  47  688  608  822  453  176  389  969  496  741  483  646  619  806  56  819  314  202  835  408  338  16  275  982  440  480  766  289  852  465  838  353  31  804  472  422  427  768  903  570  803  680  191  3  307  
314  646  104  841  674  840  428  691  942  442  977  971  291  918  600  281  560  865  510  623  417  346  336  515  943  445  226  232  854  14  788  78  7  777  103  59  327  817  735  258  176  480  593  643  374  703  422  179  5  494  64  726  241  822  517  354  437  693  554  590  336  306  674  802  461  985  399  801  947  305  216  868  253  204  340  113  953  495  285  228  22  476  648  708  434  612  557  898  122  600  498  77  343  1  509  434  549  774  137  130  
68  423  632  363  540  400  754  196  773  560  589  883  901  834  150  794  374  11  151  642  399  318  185  894  841  924  12  699  277  152  716  806  676  178  150  895  239  122  164  404  24  280  909  145  529  329  481  975  652  972  707  162  266  270  840  864  16  251  79  871  414  398  793  213  202  931  883  694  685  163  154  410  348  392  694  93  162  457  578  867  539  568  739  811  324  849  942  507  730  814  247  69  633  994  584  736  294  698  511  770  
510  283  563  813  600  519  32  119  120  218  632  783  293  916  397  20  774  952  228  504  65  261  156  957  900  922  792  615  48  311  193  674  410  745  792  909  619  871  954  856  251  579  396  193  153  867  545  997  110  745  458  766  84  127  925  208  321  671  682  88  312  258  426  807  217  87  496  923  159  542  828  318  843  782  110  804  39  780  616  31  430  828  183  829  298  69  11  109  758  465  773  253  614  610  881  343  59  275  588  238  
723  517  735  300  712  801  573  709  319  206  753  953  197  843  980  693  669  95  46  956  213  31  74  205  930  96  639  773  432  86  539  702  31  364  91  135  738  349  73  166  113  514  206  907  402  396  912  519  140  869  301  126  516  298  920  664  220  260  419  358  896  496  78  555  714  771  23  473  705  105  691  126  222  496  396  814  175  601  372  163  103  639  920  305  101  3  904  583  428  70  46  980  612  216  189  502  926  314  532  505  
158  559  531  773  428  224  621  441  475  304  471  639  398  772  760  960  927  312  641  537  642  78  591  526  570  0  415  406  730  688  721  503  775  93  952  380  196  497  121  100  558  90  650  429  617  758  781  632  858  898  5  335  703  955  159  196  827  30  21  292  943  406  407  516  69  437  107  986  975  629  7  111  48  814  300  636  264  971  582  411  54  472  889  407  433  495  102  503  808  299  366  183  59  404  278  671  617  981  171  719  
427  122  496  411  401  534  678  596  595  604  940  696  275  180  751  419  337  608  107  502  999  463  763  191  791  202  429  872  361  158  345  244  897  65  52  479  905  344  224  574  547  504  270  664  345  436  535  963  368  559  271  561  258  986  851  660  67  976  597  872  775  367  317  544  482  666  938  804  448  773  705  457  38  409  629  337  224  161  976  253  229  267  865  129  968  299  759  631  800  485  389  430  2  514  102  371  725  252  362  721  
982  157  146  366  669  869  713  518  400  707  67  971  535  238  802  893  648  572  639  767  580  842  126  154  177  469  973  870  849  505  942  878  291  264  362  347  793  325  161  548  730  1  592  261  656  326  866  925  884  475  202  964  217  815  231  893  342  145  921  344  64  759  931  699  528  133  658  610  208  873  949  389  668  173  590  889  407  813  16  537  627  417  648  279  965  524  769  645  368  654  803  329  793  935  459  153  907  310  897  291  
396  889  998  240  199  317  893  89  52  25  84  122  357  542  970  927  834  209  747  117  655  612  194  986  444  841  598  55  477  305  432  220  819  709  868  613  212  570  822  20  838  714  847  151  690  497  416  588  510  461  510  858  275  138  927  706  569  869  524  765  887  903  175  159  927  716  758  101  889  268  793  235  463  218  417  337  306  668  25  103  899  994  114  270  292  322  161  505  240  298  588  420  847  88  293  27  79  951  509  607  
16  787  405  749  838  527  617  775  717  941  326  6  120  174  718  992  442  754  777  863  209  66  782  467  439  115  211  209  155  806  369  43  208  703  587  274  556  683  608  33  803  173  175  228  509  186  891  977  221  299  215  957  212  387  507  202  806  978  912  712  179  561  993  170  144  327  290  146  727  916  261  63  972  492  683  926  314  101  376  23  798  253  938  354  433  670  35  162  692  403  869  544  927  80  677  291  642  780  723  702  
608  274  553  826  769  225  682  886  839  113  254  940  331  719  899  319  272  675  581  730  904  623  113  105  159  114  358  254  581  78  350  901  743  463  636  825  568  742  869  123  764  532  84  616  653  467  609  42  578  745  698  834  852  606  165  956  779  537  148  451  369  581  962  399  53  2  765  412  810  377  124  46  753  24  763  249  357  839  69  413  645  882  649  714  775  56  568  352  443  571  262  891  854  545  71  781  744  66  140  716  
768  203  422  757  222  371  362  817  169  380  606  712  58  668  571  387  745  412  195  782  791  561  93  53  412  801  750  326  169  720  602  176  80  564  460  291  731  13  594  608  883  370  269  449  10  344  704  716  202  156  870  821  375  738  208  266  483  614  327  474  201  76  631  544  452  236  261  373  592  440  579  988  889  592  666  994  211  734  535  574  882  430  976  45  732  920  512  937  875  753  385  362  391  438  578  349  419  570  802  125  
334  562  308  103  181  568  124  483  823  781  352  911  122  955  922  422  612  809  85  714  996  255  301  285  738  157  276  198  348  584  155  362  163  645  950  177  278  552  67  674  989  319  388  762  88  114  139  849  216  230  950  93  318  899  11  235  996  11  357  11  745  332  343  596  41  303  80  208  835  841  408  257  765  298  51  164  549  101  548  453  961  127  699  883  378  892  170  133  596  126  396  485  873  839  255  268  838  273  611  46  
342  395  315  615  726  487  316  239  106  538  164  986  478  796  637  899  614  17  458  58  417  215  145  395  132  400  962  977  180  178  703  10  350  982  748  829  594  846  640  650  653  858  956  897  614  653  940  341  460  259  348  554  325  414  461  61  754  513  96  251  137  764  315  341  779  569  689  370  840  383  350  373  991  925  684  793  667  233  423  114  18  338  872  557  167  674  376  115  803  712  83  315  231  589  351  982  845  398  917  406  
920  761  879  697  217  875  667  514  380  193  311  505  690  246  13  236  471  69  25  734  639  967  601  87  965  638  892  725  132  443  926  801  202  765  139  685  258  348  713  292  248  541  4  578  706  174  316  614  445  93  257  637  526  52  586  114  523  479  354  674  289  881  308  812  270  532  609  481  641  183  656  288  449  941  237  710  668  588  348  716  586  59  791  393  256  944  767  937  841  568  864  478  330  464  841  926  460  316  482  541  
728  262  349  357  606  641  458  820  703  454  934  957  532  399  452  576  758  122  664  958  767  481  887  328  568  607  162  24  789  725  53  98  710  663  211  284  95  8  220  372  307  941  226  681  676  664  312  612  254  804  284  576  669  609  830  728  915  0  401  912  719  25  27  464  379  506  376  244  740  764  251  678  112  257  559  928  858  296  474  165  337  940  427  584  59  305  742  263  884  601  406  97  467  830  51  725  591  345  772  645  
45  51  150  291  742  41  133  667  599  317  291  513  128  523  919  932  737  433  311  292  817  35  657  240  930  342  342  819  570  771  888  823  267  830  462  146  725  511  101  793  937  176  682  482  417  977  837  38  879  817  96  719  892  502  49  239  450  415  827  457  836  111  164  739  340  180  834  420  885  545  175  362  826  369  47  672  526  230  56  14  182  97  138  529  348  402  574  845  893  25  75  896  509  430  135  584  417  71  323  600  
182  296  90  127  200  280  356  529  606  249  238  595  788  264  276  249  560  638  713  274  265  966  758  470  309  760  826  710  403  821  393  22  104  420  607  535  213  949  519  511  408  667  767  981  290  967  62  487  666  83  970  206  328  220  259  61  556  405  516  166  344  639  147  798  507  309  974  194  696  999  856  386  54  693  588  68  265  974  922  860  241  881  408  946  521  821  299  861  99  404  46  159  42  317  97  585  80  322  766  409  
233  407  792  536  191  197  437  145  967  405  454  63  85  912  580  494  36  455  309  836  920  303  511  825  511  535  396  350  341  93  279  106  855  805  463  819  603  859  1  195  638  964  130  336  438  792  61  544  745  931  58  36  68  844  32  997  449  861  372  373  411  756  370  984  508  409  572  170  370  561  833  130  965  778  63  767  532  641  452  954  504  408  257  821  192  812  753  434  303  678  688  479  707  880  919  592  423  322  535  142  
172  685  436  558  387  561  309  685  503  778  144  275  81  400  259  861  771  959  841  56  200  27  953  571  779  840  61  948  512  770  642  989  57  121  875  480  722  911  259  265  783  332  786  988  764  73  56  70  116  772  720  480  718  300  183  329  245  214  725  995  367  327  586  586  601  723  237  128  841  13  249  460  172  631  818  731  521  948  511  744  373  13  143  17  184  777  265  746  552  80  326  606  333  690  706  114  516  619  99  356  
992  706  25  68  534  739  935  611  536  897  432  185  285  408  582  603  374  322  495  893  980  792  73  579  200  907  512  535  579  139  365  254  711  416  665  899  333  991  858  121  209  912  269  779  659  422  533  174  744  918  578  82  408  132  734  644  977  450  620  352  396  650  658  301  446  453  961  841  98  461  330  455  156  873  107  453  905  791  282  59  502  207  90  9  550  924  796  689  120  838  55  685  408  487  163  906  861  251  578  325  
187  419  888  268  674  243  909  680  30  450  912  513  304  411  782  147  181  962  307  832  534  248  785  895  656  491  319  939  836  360  587  95  866  946  555  72  41  911  345  475  338  377  989  721  254  643  47  975  213  308  805  819  873  977  113  653  778  702  359  434  467  148  933  207  389  322  916  612  523  813  655  470  269  746  874  561  673  598  916  590  854  228  383  858  475  902  288  479  712  967  770  583  67  177  504  494  150  563  811  559  
294  541  792  537  559  238  950  844  95  862  62  863  377  24  396  315  658  330  429  670  761  336  297  809  162  821  291  634  140  724  103  513  516  807  580  397  545  805  89  767  41  905  101  978  724  433  449  256  192  844  65  65  60  359  244  392  194  346  695  318  646  294  680  467  332  674  18  777  161  367  261  532  176  16  752  431  64  998  481  673  524  755  131  584  811  558  938  612  121  366  59  311  558  802  456  644  565  95  442  486  
640  812  383  962  682  907  375  495  5  697  378  484  621  888  204  691  813  490  195  142  585  154  64  927  131  973  364  428  25  839  670  178  351  67  938  809  961  874  275  289  916  544  356  771  365  259  500  627  234  686  624  581  440  29  798  325  149  578  367  363  431  863  83  983  956  261  660  290  323  333  396  709  299  524  888  309  387  700  642  479  2  641  857  225  528  505  60  906  532  584  447  458  23  946  780  877  489  562  845  547  
834  51  785  196  956  125  470  803  231  467  895  648  949  122  317  298  368  676  218  149  264  462  844  112  721  983  959  914  44  570  278  119  5  221  667  37  285  571  853  652  961  863  698  773  971  634  685  185  695  991  817  846  161  957  359  190  429  757  764  160  551  925  999  3  796  83  674  528  56  54  582  416  553  617  596  878  796  185  897  734  695  18  577  101  639  13  280  715  731  637  212  759  536  234  143  593  151  301  845  46  
564  805  224  583  967  41  308  459  752  751  680  183  71  981  89  563  946  78  686  639  427  415  191  629  129  610  31  280  462  355  324  510  8  25  140  338  612  335  963  165  232  44  786  238  671  688  586  423  395  872  449  378  70  699  532  308  753  669  310  313  337  380  200  152  350  882  410  24  878  819  560  347  458  815  992  762  95  298  707  185  664  314  163  973  354  984  940  571  432  227  653  403  832  866  433  748  685  584  673  681  
70  396  508  973  23  18  98  780  623  628  37  666  266  829  978  927  264  888  526  43  326  372  988  190  987  419  390  923  709  307  594  510  781  860  623  324  352  107  159  546  287  846  960  993  10  113  70  440  161  609  43  355  587  695  34  242  522  768  848  773  878  194  860  406  745  121  360  687  163  275  792  710  32  240  107  70  607  62  640  337  923  4  419  755  39  526  231  56  909  992  686  776  88  430  415  962  916  980  584  198  
546  449  101  616  784  450  679  650  296  844  143  673  648  49  453  499  802  391  885  55  533  61  497  190  227  167  765  160  764  52  798  538  420  599  980  999  456  235  355  724  919  594  60  664  110  304  585  924  828  627  481  591  528  293  977  46  88  293  364  682  907  611  147  394  304  123  352  827  873  476  383  900  915  954  431  223  535  216  432  141  901  1  606  945  479  897  997  224  757  200  764  903  712  47  182  838  784  694  623  228  
377  709  957  331  555  66  783  885  666  354  482  342  942  323  793  860  419  665  533  381  155  16  774  360  458  570  864  183  275  720  530  259  458  518  907  176  945  811  669  186  391  638  398  264  397  599  677  704  595  277  42  252  571  372  457  516  715  346  793  588  25  345  64  134  122  911  473  211  252  804  432  55  117  876  717  954  84  879  608  542  238  301  780  117  123  101  903  531  194  55  440  989  418  985  706  536  59  711  768  988  
780  399  905  114  166  996  383  772  113  409  498  669  30  352  714  33  996  843  221  958  591  571  222  402  366  487  495  302  172  936  80  604  129  450  16  150  609  741  747  855  502  709  748  469  330  7  453  903  207  438  85  347  586  348  194  620  149  276  264  202  581  880  568  234  499  550  876  640  430  513  801  186  25  269  550  95  249  890  477  175  139  461  887  876  771  732  517  746  111  440  796  699  621  264  568  599  690  795  925  994  
134  366  946  989  364  311  119  322  349  513  208  74  471  762  579  649  722  649  62  197  196  339  740  418  310  928  58  194  31  249  628  779  135  405  454  105  494  869  464  390  405  508  945  671  21  155  599  233  0  684  806  467  949  837  928  678  415  527  884  131  752  248  937  27  834  622  540  917  223  869  312  931  873  626  854  46  900  961  718  588  611  772  133  62  208  533  287  727  384  142  606  762  150  327  131  931  847  896  757  817  
958  48  720  274  961  973  280  128  52  4  422  370  244  435  66  798  950  765  465  205  649  438  585  56  354  831  443  842  239  229  368  582  709  109  0  442  325  307  742  387  789  307  760  700  340  383  573  337  448  371  440  753  323  197  428  220  554  536  200  344  520  435  974  458  547  262  487  388  70  437  97  74  487  168  267  321  785  377  959  353  804  392  905  634  36  91  848  78  312  722  451  646  956  755  654  312  376  217  5  222  
514  362  912  514  122  153  807  673  149  65  472  598  492  675  351  809  797  146  429  463  18  709  36  419  489  781  57  781  469  119  707  986  194  900  860  581  734  263  198  661  518  983  231  598  583  270  56  932  670  505  466  54  898  712  586  263  513  688  7  51  392  920  1  416  863  521  20  226  963  770  582  812  894  482  765  731  908  727  556  53  96  663  592  771  7  61  990  939  170  78  503  153  314  308  550  174  487  514  650  177  
282  450  359  886  492  108  10  148  205  335  412  684  265  237  614  918  465  210  391  902  54  365  650  127  771  402  811  854  948  591  339  243  529  46  954  36  279  219  541  546  273  118  208  495  587  267  517  40  527  192  494  536  668  854  495  862  828  900  264  976  412  280  161  239  73  807  47  109  905  296  574  700  512  372  551  856  148  72  621  528  747  6  490  386  572  737  191  485  683  928  876  986  193  533  756  829  651  718  645  881  
697  707  966  698  618  593  842  63  558  398  189  551  276  854  132  459  934  790  833  508  834  119  943  262  354  349  243  222  829  33  476  824  503  635  517  405  423  316  968  570  568  571  893  588  866  742  659  923  210  676  854  452  143  377  250  876  406  153  311  937  777  440  294  35  851  226  130  995  823  278  610  531  914  344  510  431  566  880  104  874  768  645  398  148  76  805  605  290  79  721  592  270  726  669  640  609  485  902  886  958  
778  719  471  25  316  749  992  184  790  209  523  337  728  367  480  972  855  781  607  434  780  413  124  366  507  950  853  35  365  744  736  326  384  383  280  61  941  10  698  728  555  484  227  31  890  331  525  613  378  415  113  163  669  781  822  376  18  948  987  495  899  184  41  210  266  518  789  574  407  703  93  790  405  352  89  837  270  912  60  838  68  788  538  262  354  656  4  532  290  367  426  567  944  541  337  498  414  803  541  428  
777  987  352  339  789  268  236  329  101  608  325  959  717  252  251  906  659  296  863  147  115  647  811  59  874  257  495  158  422  495  33  183  636  911  524  725  449  658  285  13  597  33  434  296  949  663  947  271  320  307  302  539  189  732  38  170  979  586  867  167  944  283  392  560  710  643  761  542  963  216  179  553  119  157  137  786  452  76  348  389  129  418  330  343  272  997  26  796  993  209  143  884  470  588  163  206  248  471  926  462  
505  70  351  307  84  66  826  372  282  52  427  293  255  708  594  268  188  628  256  761  405  926  416  141  86  645  985  466  642  35  755  467  853  158  25  565  283  736  838  615  559  424  186  870  848  147  151  572  361  543  695  818  152  585  961  387  714  117  755  842  805  630  626  87  845  383  680  543  491  729  845  314  235  989  649  240  813  53  232  54  583  863  104  413  617  226  919  77  337  171  393  304  327  601  88  161  155  848  588  151  
238  259  230  581  631  286  863  452  199  635  942  826  942  979  730  621  399  472  613  747  74  480  306  212  554  484  800  74  54  466  278  695  731  360  714  144  593  354  669  713  804  917  25  313  127  21  150  511  84  68  465  13  343  452  462  620  204  631  360  521  646  117  70  942  857  254  728  204  874  968  162  159  646  115  400  714  656  619  660  549  167  646  843  732  159  999  622  514  55  282  8  742  635  649  308  821  26  446  41  576  
755  409  695  623  187  261  860  846  115  142  651  894  896  886  221  607  370  232  34  574  25  28  89  58  789  181  822  955  325  863  364  852  882  693  180  864  341  506  604  763  990  926  931  99  967  195  780  887  888  841  970  870  788  119  659  563  708  570  7  896  290  787  50  937  505  340  16  802  3  891  241  603  531  579  942  715  292  495  274  899  993  640  724  172  695  849  645  436  592  409  277  356  209  384  323  46  166  302  164  54  
517  808  18  813  352  445  841  382  231  128  935  747  565  558  387  711  82  475  79  626  241  792  536  744  282  639  814  171  11  874  839  930  675  769  824  386  671  603  47  508  128  559  563  79  13  651  69  112  733  765  475  167  519  15  18  627  462  960  99  153  783  249  514  137  21  406  723  625  767  638  534  126  7  836  437  624  647  319  138  926  416  446  446  634  355  184  904  806  379  571  859  606  58  427  220  72  779  470  650  378  
520  102  302  731  645  663  173  421  308  393  987  401  811  63  251  915  579  601  477  935  650  120  646  461  475  376  710  833  389  835  950  806  641  819  840  212  960  559  796  518  437  210  800  945  118  49  552  675  552  76  502  672  339  302  492  187  44  32  831  907  507  955  606  612  908  813  428  151  929  469  274  580  608  842  248  199  449  418  421  193  235  383  774  297  727  6  995  570  836  603  384  15  469  711  11  348  464  915  905  598  
137  154  910  278  391  865  332  658  900  610  339  221  186  339  107  785  308  936  470  473  523  800  497  267  131  30  964  806  286  622  64  457  454  796  185  364  792  359  772  283  783  115  890  896  263  727  573  575  28  916  563  769  842  304  785  473  262  34  138  627  412  6  24  398  202  395  754  135  581  372  846  496  859  612  833  361  225  301  573  502  46  426  866  408  895  299  657  833  612  657  612  226  483  803  162  951  612  73  378  430  
125  455  325  579  870  596  105  72  359  83  227  323  737  761  613  424  83  937  776  545  382  724  643  867  971  21  645  107  435  372  224  169  159  129  535  812  474  684  745  798  555  834  446  264  695  875  673  89  174  873  367  667  989  411  591  591  948  707  362  555  105  885  405  817  485  722  61  865  77  380  970  617  300  818  935  173  191  302  329  58  537  805  141  487  832  782  759  981  551  807  529  606  269  860  601  149  734  226  510  340  
305  539  636  620  914  267  117  128  249  234  498  459  66  91  67  219  222  253  556  934  282  839  385  36  23  897  203  949  138  904  283  533  460  139  470  276  781  148  513  139  573  449  743  36  27  132  209  705  225  591  797  424  943  292  891  86  983  716  243  385  225  294  499  666  832  42  144  299  653  471  594  837  619  842  566  310  50  64  582  784  352  989  243  437  932  622  566  618  141  156  859  866  427  130  607  125  156  929  203  480  
346  674  161  855  219  964  39  880  65  758  995  921  562  687  989  573  251  788  491  195  9  178  896  879  704  421  78  757  384  672  599  156  508  6  502  447  29  184  947  122  831  592  815  811  801  813  76  670  963  256  929  70  779  630  309  225  385  143  105  571  684  423  691  741  156  379  464  335  81  526  714  724  475  140  898  774  228  919  416  418  268  992  9  661  627  408  224  478  860  7  208  966  440  526  944  429  600  280  384  167  
391  598  403  455  423  787  358  363  915  836  328  48  125  165  810  311  178  600  641  64  890  535  162  110  716  908  765  724  289  863  621  750  960  895  719  90  234  117  633  752  686  822  773  337  632  215  741  828  270  877  969  415  764  141  0  27  328  850  203  672  432  318  864  820  234  35  541  486  996  449  651  120  581  483  886  140  948  317  698  413  192  265  256  809  672  50  313  438  772  288  946  171  139  574  984  577  342  752  86  578  
933  377  597  264  89  548  676  321  601  153  368  193  449  442  493  304  104  454  414  990  760  510  321  125  588  295  950  382  397  367  50  78  333  459  215  914  144  328  790  360  183  137  696  528  295  441  777  500  378  817  710  564  757  388  832  516  785  880  218  986  261  88  464  474  548  528  272  29  899  329  53  746  350  886  185  635  132  878  843  843  184  34  562  126  601  217  857  106  572  235  35  141  176  779  304  639  834  848  793  425  
259  333  928  46  127  592  60  961  343  792  604  791  505  811  889  646  421  110  177  503  620  766  673  992  437  583  651  916  440  259  57  919  270  317  752  605  368  111  104  114  63  40  379  647  460  50  868  252  26  67  219  89  736  82  662  610  715  605  529  266  284  265  905  718  502  73  805  845  994  570  358  631  342  903  593  492  699  160  235  230  206  744  581  562  490  63  551  227  436  765  65  655  815  409  432  726  433  281  238  736  
62  370  422  743  443  707  846  717  237  53  981  334  667  845  735  161  817  325  687  75  239  103  564  133  850  204  759  240  297  741  844  326  386  344  615  842  614  436  913  258  690  608  819  476  864  961  562  207  21  987  668  475  212  779  970  60  267  434  30  787  5  372  590  669  688  361  818  16  551  196  907  364  970  211  324  494  700  342  582  795  702  907  886  746  659  72  401  338  548  83  412  287  452  679  317  671  750  32  166  514  
398  209  651  361  357  748  25  158  297  818  722  333  60  675  990  601  332  152  316  417  771  175  97  124  984  822  272  12  654  932  820  47  283  53  306  355  963  76  10  163  990  342  550  309  360  620  652  215  735  769  881  57  82  933  303  307  160  313  112  450  151  140  499  952  550  422  975  994  965  323  622  670  795  986  44  220  232  806  335  156  516  796  369  328  688  86  499  844  756  784  133  755  984  241  644  563  223  133  403  773  
673  584  997  230  480  173  585  409  141  336  759  920  844  993  227  616  933  866  720  365  228  986  502  310  803  787  718  75  311  121  741  196  392  461  528  323  493  984  664  764  383  516  670  236  565  239  544  848  225  9  252  968  784  25  100  276  319  370  282  677  268  676  246  847  635  56  399  125  34  84  711  950  319  384  834  223  744  0  815  729  804  451  639  908  80  891  142  588  308  246  80  187  767  740  118  855  904  906  281  509  
447  255  798  478  907  21  43  161  430  626  641  810  742  631  218  369  220  929  789  798  914  246  183  884  697  74  428  427  73  123  407  738  596  169  638  404  477  171  882  795  349  590  333  187  711  31  349  232  525  602  304  466  345  404  920  440  160  94  425  547  844  19  32  5  26  84  351  793  884  385  190  28  447  484  308  268  447  561  415  536  297  264  896  465  177  718  642  528  710  568  996  512  523  873  901  732  263  911  160  324  
351  953  64  228  882  19  158  470  54  406  288  786  753  81  644  978  514  996  494  907  345  615  134  161  245  775  550  737  517  145  770  221  704  129  928  388  800  493  346  824  700  253  938  876  630  646  269  502  365  712  339  105  819  13  543  182  209  475  306  764  746  171  220  717  830  674  389  731  24  856  513  371  385  224  283  632  574  903  899  307  264  145  138  506  795  120  798  503  217  534  753  483  824  725  959  891  449  84  688  873  
