900  556  83  371  673  152  314  121  84  333  82  71  70  702  946  906  475  399  889  30  734  424  114  498  218  645  614  636  195  548  377  63  214  23  62  906  119  178  860  547  810  319  381  604  260  152  188  724  274  965  287  57  914  551  286  492  289  540  51  398  620  676  578  418  11  2  835  802  179  520  749  615  524  780  109  67  546  631  527  89  927  409  180  824  969  389  246  44  303  594  32  453  74  676  745  36  378  120  346  955  
735  192  357  620  441  174  233  749  114  11  612  626  594  298  448  579  347  785  265  224  398  520  77  899  693  406  733  469  851  424  180  499  33  946  621  714  923  235  594  89  210  364  810  46  723  626  914  651  328  164  640  338  229  919  884  679  909  920  959  965  718  313  560  884  619  272  733  514  81  892  439  999  988  34  50  829  138  967  739  375  24  846  226  313  364  972  18  977  755  851  95  397  947  308  423  869  404  696  140  562  
707  657  425  472  895  868  283  79  719  786  26  936  611  495  600  774  819  522  689  826  93  495  836  100  955  513  273  63  363  412  83  101  577  626  80  810  442  683  182  829  722  363  752  524  865  671  130  808  362  760  281  569  156  955  671  107  140  224  557  777  842  650  593  528  915  86  875  864  279  799  283  342  156  401  69  949  395  741  511  895  441  229  818  327  473  1  111  840  887  16  132  243  712  915  423  405  929  374  387  327  
117  272  305  739  475  958  768  27  175  43  855  211  256  362  195  298  402  975  389  957  493  891  957  166  981  374  421  755  507  482  599  369  732  894  64  138  121  208  281  885  479  415  908  861  151  943  484  692  440  422  64  970  236  199  169  328  721  237  154  530  521  522  672  773  268  728  97  285  980  144  914  963  177  666  596  876  990  876  166  333  844  854  489  389  845  413  312  828  372  214  214  843  523  958  869  636  933  807  732  388  
621  718  680  245  207  875  943  449  86  953  825  819  541  590  199  352  801  357  569  71  902  986  986  501  586  606  399  292  535  132  320  581  365  930  702  563  407  324  694  234  429  549  988  296  986  616  596  227  495  743  764  243  415  969  878  705  156  169  573  464  714  508  774  162  747  900  506  990  611  99  152  817  996  929  824  987  469  722  565  772  302  634  362  607  80  851  553  653  739  472  648  877  943  946  190  122  214  403  260  678  
554  953  878  174  516  478  372  893  413  669  252  445  816  983  235  203  895  287  236  171  981  459  752  805  292  421  527  614  968  800  309  625  804  446  456  743  91  929  849  93  538  953  361  630  308  326  198  688  229  671  871  779  748  426  652  135  898  948  233  253  656  339  100  305  457  106  725  894  347  141  110  443  628  806  851  869  802  87  636  189  747  665  961  923  886  788  525  227  498  512  245  47  910  852  27  573  281  429  854  387  
587  857  652  648  139  731  939  172  770  810  877  450  711  902  34  981  461  83  722  290  890  601  595  469  274  594  351  294  804  950  730  980  634  172  379  186  751  434  633  938  364  158  888  992  219  518  643  24  984  965  700  611  780  439  802  381  276  871  979  642  690  638  34  291  690  535  834  84  584  889  964  32  488  149  813  646  965  384  828  285  647  211  322  254  95  985  875  882  196  177  756  108  899  37  702  167  706  514  738  675  
518  577  756  244  262  149  133  324  247  878  956  923  161  949  397  60  970  937  149  921  458  57  637  721  759  587  997  617  386  101  146  145  801  946  554  760  950  951  40  179  888  574  116  794  152  195  69  483  535  261  449  220  238  711  212  595  430  304  135  808  810  567  595  917  281  179  230  996  104  931  829  746  848  857  955  915  995  316  657  990  285  894  159  354  161  691  785  385  137  635  661  372  346  610  956  495  103  966  143  991  
957  48  973  801  151  311  378  996  746  569  122  122  316  276  382  595  297  668  997  755  470  301  375  101  506  276  278  696  777  497  678  249  187  688  583  968  189  256  81  447  678  26  599  969  788  582  318  448  239  971  896  754  87  759  332  484  90  966  249  415  649  933  547  970  459  49  412  648  650  283  15  68  277  183  865  394  229  958  352  504  956  209  705  437  474  198  613  400  274  504  964  20  125  706  645  979  886  756  619  552  
54  721  156  586  248  888  799  646  463  354  732  123  166  947  521  404  721  317  625  962  523  993  159  32  983  448  732  99  26  17  5  473  57  99  505  961  743  573  226  444  682  387  657  58  343  572  847  104  978  315  729  440  211  499  211  210  62  830  521  778  193  391  778  210  611  750  854  777  899  93  841  356  374  481  888  220  334  819  364  760  535  591  77  500  931  364  904  394  801  493  516  393  610  328  785  411  500  445  482  83  
530  889  285  494  164  260  441  217  506  847  87  372  207  50  148  38  492  357  662  969  706  45  548  318  20  394  51  500  877  759  230  86  438  753  302  515  738  83  123  122  677  401  745  324  410  636  374  108  452  830  851  397  648  134  634  20  545  278  703  214  956  931  193  922  869  133  43  154  849  120  766  630  878  577  402  473  696  493  749  696  749  559  178  153  795  144  117  192  360  20  278  368  786  242  492  424  289  292  301  691  
618  433  459  901  589  359  601  523  377  500  518  714  606  599  753  554  683  891  366  460  17  12  255  786  16  476  271  351  145  920  43  951  995  663  82  255  738  851  455  488  901  43  492  232  926  967  632  466  680  766  4  607  356  69  451  373  356  385  697  391  796  287  878  301  230  649  234  709  5  276  251  162  780  8  428  324  63  960  977  528  218  594  448  882  361  825  858  112  888  457  963  392  588  554  285  957  473  737  380  206  
518  443  454  416  126  252  953  149  120  296  121  229  97  703  602  156  768  30  643  995  987  683  516  899  848  697  153  912  174  237  935  619  85  816  167  898  883  903  641  100  345  815  274  599  949  693  697  533  761  93  79  95  164  560  133  152  584  884  314  469  844  503  876  978  498  443  831  105  827  57  628  496  274  943  52  680  935  131  686  277  741  5  613  795  997  784  541  781  20  98  935  708  131  85  435  782  766  796  133  540  
335  81  540  585  355  222  247  896  885  323  312  813  554  880  565  255  357  859  29  116  364  212  361  325  979  39  99  684  343  394  330  20  77  776  326  775  20  853  986  909  161  843  112  796  33  180  433  947  252  721  676  948  504  682  343  489  932  927  684  270  670  647  854  207  863  982  428  939  613  852  877  697  721  700  877  506  923  795  119  192  522  578  51  461  544  388  506  751  134  44  728  51  100  617  312  543  795  43  542  572  
535  891  865  852  127  710  424  920  254  427  863  549  71  373  746  0  341  794  417  440  793  421  556  235  271  953  417  243  347  271  692  170  792  994  302  668  769  657  593  477  972  900  618  427  403  555  912  140  893  716  981  659  717  827  291  191  201  654  56  372  54  714  621  622  913  304  715  595  105  60  247  241  467  696  976  545  854  772  190  618  721  857  45  360  314  302  306  982  425  610  758  537  51  155  633  975  875  319  505  89  
190  176  274  509  117  109  632  863  593  480  11  560  26  42  330  271  520  853  236  832  158  595  690  122  308  419  521  742  636  421  479  380  679  534  356  200  513  325  995  493  386  566  832  328  454  215  500  433  408  458  503  429  370  203  429  360  856  762  637  361  302  114  854  318  294  627  658  234  695  414  576  252  66  192  596  210  175  904  554  197  648  899  91  854  172  448  959  26  95  480  588  434  263  256  717  526  586  922  143  387  
919  33  528  339  66  20  344  116  732  60  437  227  442  161  169  882  196  162  135  672  257  836  239  488  593  54  333  173  243  690  793  436  657  493  714  962  648  915  300  960  956  685  964  196  892  196  769  986  522  835  758  930  638  832  781  516  811  139  606  506  713  402  848  12  829  924  567  410  678  780  783  277  361  969  128  391  864  996  642  29  142  305  963  977  134  970  359  901  884  192  311  549  580  499  877  980  571  108  231  514  
851  721  602  836  138  153  792  876  124  289  101  571  104  766  599  68  473  259  444  723  70  317  937  638  28  229  400  131  235  950  953  418  158  113  588  260  999  901  461  260  506  770  177  636  832  64  849  468  983  443  765  991  232  202  307  190  770  272  264  417  389  938  157  42  729  67  366  173  336  693  583  998  905  640  463  873  734  864  842  287  825  465  74  640  754  654  654  164  884  348  37  718  281  448  908  923  523  432  583  359  
989  664  477  18  817  835  343  393  971  485  346  415  453  79  378  302  4  603  153  528  819  608  385  611  679  744  910  69  796  792  376  763  782  71  335  400  337  795  688  237  77  601  768  820  228  467  478  1  494  863  317  635  552  13  921  831  496  905  43  102  172  2  208  24  987  986  63  465  627  696  162  603  413  770  924  244  39  622  197  226  488  835  602  76  425  723  824  578  394  668  521  192  875  352  496  711  860  905  130  844  
214  217  687  157  180  369  503  513  140  968  152  392  467  807  335  291  384  402  292  213  255  889  811  818  657  936  752  87  569  676  491  18  923  239  972  187  632  966  137  227  853  969  910  75  357  418  252  497  899  218  781  487  869  776  175  469  174  587  207  40  803  731  664  706  176  450  756  979  707  409  561  600  865  520  904  548  535  966  266  221  580  306  540  152  550  889  821  479  378  801  422  690  160  925  649  244  230  738  28  447  
19  505  920  322  159  327  285  474  362  561  393  535  634  76  841  585  289  443  135  498  821  186  908  86  226  931  783  976  477  959  807  198  938  112  302  929  857  292  998  286  644  204  56  360  565  134  211  625  293  240  834  182  888  478  274  203  567  77  578  327  69  545  667  537  279  972  130  267  606  824  475  734  175  15  856  623  709  129  203  272  988  198  817  34  25  988  79  641  897  275  185  264  527  55  904  927  306  950  4  730  
422  835  243  340  657  2  497  564  769  676  160  455  245  893  153  102  817  229  980  769  214  324  165  67  969  162  376  528  499  30  165  21  921  204  15  247  548  988  626  503  283  129  683  564  152  719  21  746  377  217  121  810  432  146  485  561  581  434  192  661  90  547  29  621  15  317  366  64  751  454  763  305  850  342  164  618  13  955  771  335  719  704  133  220  678  243  450  881  913  247  26  572  455  495  883  88  984  828  57  790  
154  1  837  609  671  140  18  94  116  0  163  619  621  945  744  615  64  544  843  243  47  408  502  976  722  680  656  297  940  826  712  657  556  811  184  904  776  155  381  402  893  375  62  825  994  934  404  4  149  793  321  872  966  535  340  742  467  799  451  661  59  671  138  290  511  724  243  452  30  915  486  645  64  720  508  790  582  397  350  394  175  622  644  303  950  674  978  904  482  436  13  142  886  994  239  239  18  934  399  832  
897  524  53  551  262  27  716  364  192  799  849  186  901  782  283  920  110  914  419  189  7  758  958  779  27  629  408  523  525  215  676  161  674  53  593  81  333  407  7  10  234  876  187  939  767  378  814  115  160  543  917  21  35  823  845  620  923  910  829  779  464  536  737  409  719  775  339  122  110  94  108  433  947  332  908  677  894  170  759  361  411  888  521  217  468  805  338  98  615  910  405  881  716  145  654  551  762  2  618  955  
874  438  924  184  171  606  117  352  688  734  971  673  471  479  766  824  196  465  47  348  741  973  905  860  375  714  140  875  593  782  247  322  351  680  463  591  810  412  406  309  934  534  253  612  316  346  980  514  553  987  913  890  239  643  280  908  986  35  779  982  606  131  298  897  255  876  908  62  136  428  158  891  936  154  43  585  754  258  285  424  861  371  363  789  412  503  579  450  846  483  634  550  23  336  402  744  976  506  619  782  
950  839  14  530  447  65  421  240  426  23  55  617  118  273  386  116  627  571  570  765  625  324  570  270  902  655  448  157  660  865  293  14  954  796  405  427  897  324  876  841  802  113  690  317  78  164  689  791  622  669  812  133  820  172  162  907  362  614  579  826  130  138  802  335  149  493  788  405  240  107  304  429  187  807  847  445  404  941  78  278  428  54  657  227  536  299  859  775  659  942  268  134  194  165  193  327  368  552  642  984  
570  478  704  819  486  355  974  848  512  316  537  586  677  22  715  414  396  795  516  265  345  638  938  162  571  834  619  424  41  638  704  613  737  852  21  211  433  971  78  302  266  425  924  802  369  836  847  222  471  635  398  546  340  440  574  613  271  457  176  370  201  383  734  667  804  767  70  278  830  144  351  511  210  987  268  791  32  266  480  876  51  914  641  97  92  818  951  191  445  161  62  915  945  923  515  450  514  877  844  539  
611  865  851  108  408  308  475  496  330  278  291  759  103  617  556  478  953  518  102  224  997  500  656  893  200  130  159  963  365  191  974  58  242  96  351  420  836  882  393  637  759  417  219  719  347  544  96  257  339  714  315  505  512  840  204  216  493  379  963  133  764  373  197  212  322  531  422  168  222  22  974  246  343  123  758  997  951  919  84  83  730  390  901  217  556  206  899  802  186  248  551  48  103  903  729  920  746  371  654  303  
206  160  808  436  779  411  892  295  531  549  289  683  439  964  733  545  146  206  804  653  238  887  571  724  758  916  353  414  12  320  895  401  412  848  202  862  521  731  167  480  919  596  582  793  912  890  938  527  514  103  856  80  905  344  693  874  785  669  797  471  447  50  786  270  449  293  26  724  162  801  612  341  163  874  780  230  894  362  901  901  109  979  166  940  579  477  312  137  224  234  431  945  747  737  991  111  603  520  865  767  
359  846  285  368  527  552  570  353  962  538  29  867  593  336  23  632  948  109  914  850  27  107  260  471  904  828  197  819  380  674  406  46  366  290  570  208  723  150  514  834  58  314  291  783  544  263  818  636  300  799  708  971  435  368  471  990  510  437  581  450  498  553  282  465  505  829  35  437  447  843  881  658  424  628  143  171  592  200  584  208  523  380  229  695  62  985  350  528  989  250  646  293  895  773  228  937  695  894  111  328  
308  857  281  120  667  383  64  15  979  10  65  453  569  116  733  139  581  277  361  116  365  156  153  259  721  144  157  917  687  423  950  80  432  374  266  756  458  682  94  689  463  839  340  714  990  847  270  817  273  453  377  634  495  546  349  188  578  752  852  709  835  550  729  821  861  859  27  255  839  438  994  803  254  557  666  183  171  844  910  472  472  305  142  739  529  782  43  152  513  110  42  394  554  988  416  608  153  200  861  544  
145  531  84  820  543  549  938  365  326  117  285  704  660  513  575  166  524  494  67  616  558  82  559  595  860  576  2  424  246  869  776  631  312  41  707  973  434  623  461  307  504  712  212  882  300  644  469  427  833  819  508  740  193  884  642  552  601  500  968  413  362  993  883  300  876  623  696  581  15  707  178  834  354  646  138  996  71  316  255  347  638  325  478  74  882  388  707  977  457  142  889  184  407  517  470  416  205  366  211  964  
358  312  674  616  123  903  696  969  871  103  78  597  725  388  651  636  537  281  276  431  940  856  526  272  732  42  466  386  731  95  899  603  983  840  709  871  586  506  78  414  275  630  649  321  709  584  648  137  750  908  810  785  930  800  734  373  441  518  439  467  486  672  664  136  322  577  914  590  657  681  267  645  611  641  393  48  805  760  192  449  865  733  648  456  603  30  858  112  550  17  596  386  103  161  740  669  95  628  329  846  
79  922  504  365  887  304  838  81  759  965  489  837  906  36  764  170  504  716  266  807  59  733  322  487  276  132  76  930  702  520  636  22  427  694  284  743  327  602  919  500  754  55  771  796  417  289  310  433  471  153  117  709  184  208  873  658  70  655  186  646  224  599  688  278  575  965  128  338  139  640  516  466  198  550  527  751  319  11  79  829  713  444  828  223  357  643  447  564  78  540  70  937  491  95  216  623  298  439  884  174  
211  178  79  217  403  778  341  516  282  148  735  252  271  430  606  455  690  54  583  484  794  561  56  83  552  130  354  303  668  91  119  203  647  24  533  4  513  266  212  373  731  458  117  376  15  919  148  436  279  113  991  170  244  303  191  829  368  406  110  953  357  98  425  538  303  178  377  152  736  815  773  762  235  358  706  721  883  991  709  894  204  76  792  759  586  245  315  846  882  515  205  442  101  140  188  218  948  456  585  303  
880  425  71  817  345  616  389  45  714  693  34  950  458  854  745  394  510  445  61  966  789  403  695  724  469  401  813  747  564  561  237  872  817  904  787  836  828  119  695  726  339  346  194  187  15  945  19  531  607  157  549  718  699  901  811  294  931  569  735  22  121  318  286  587  787  492  552  811  438  876  791  684  496  703  750  349  69  499  653  938  229  142  690  556  435  960  425  496  952  532  871  634  33  671  396  25  863  700  23  428  
838  248  254  845  752  322  750  109  258  484  864  696  399  896  189  331  36  349  819  915  901  217  240  335  934  148  566  1  411  778  416  233  676  713  68  755  203  731  105  834  208  758  275  893  671  419  237  656  296  492  911  214  440  985  40  110  902  932  509  947  937  708  434  305  583  639  88  733  849  196  144  820  222  64  847  999  428  446  819  469  382  468  261  905  603  772  335  566  235  561  40  536  7  979  341  813  873  748  115  644  
754  715  826  524  587  265  20  728  654  451  942  473  750  639  606  973  484  178  142  775  212  921  616  55  255  47  659  156  305  646  516  662  814  561  296  865  809  274  569  871  701  408  639  997  536  555  321  17  781  843  269  202  561  325  636  800  447  639  393  894  160  759  908  46  221  207  258  387  71  963  447  764  218  30  966  600  92  585  656  949  484  374  83  542  921  365  605  148  649  221  650  283  628  933  242  57  839  162  207  634  
541  20  13  824  915  997  234  466  451  521  264  922  491  884  673  115  990  825  971  786  292  223  484  740  118  833  879  577  61  141  127  775  603  252  500  474  177  796  316  475  931  203  747  703  993  453  686  473  71  72  517  178  336  350  279  608  254  546  818  725  109  358  795  673  89  589  547  755  381  581  571  740  461  127  273  604  246  969  795  329  524  595  971  101  645  42  908  695  877  746  236  469  808  303  11  121  279  77  971  945  
37  542  384  460  25  676  489  713  642  216  160  786  854  2  471  178  379  474  35  434  809  455  949  322  583  662  830  374  437  653  923  942  490  608  698  835  752  51  380  199  869  553  500  181  547  253  254  273  66  792  347  488  19  354  644  571  920  628  637  312  43  69  37  650  917  443  178  226  520  108  874  773  983  542  791  8  76  964  507  98  762  178  789  681  996  707  954  120  909  664  999  279  26  500  510  51  325  446  584  920  
659  55  2  228  104  477  34  461  57  567  516  142  659  785  328  998  674  898  614  114  469  668  349  548  528  708  256  907  553  523  859  365  944  220  740  363  416  695  21  356  163  917  513  740  781  269  493  886  207  966  769  312  583  110  71  318  374  803  291  825  43  312  43  474  366  50  170  58  7  964  799  275  672  687  835  468  216  486  531  953  658  537  507  714  373  359  108  181  141  322  806  190  298  190  666  86  903  347  313  505  
494  323  673  892  922  437  762  519  653  331  19  736  379  817  483  168  254  359  428  730  619  385  634  697  190  805  45  433  210  797  67  209  91  317  275  879  391  847  445  860  378  437  21  698  633  975  65  67  474  486  25  180  282  696  247  586  655  5  759  211  159  209  200  449  616  459  188  530  545  716  677  772  976  637  856  767  902  691  262  114  649  156  376  443  49  614  292  410  461  141  406  277  374  974  192  817  947  763  324  143  
63  966  657  77  168  336  941  495  649  604  722  790  459  752  292  128  359  388  753  799  976  607  146  182  623  142  626  218  566  981  852  870  72  99  994  913  201  73  875  667  250  404  964  190  416  627  67  2  566  83  95  396  400  689  92  407  194  111  494  635  783  139  964  325  454  44  935  959  458  495  587  690  601  665  685  882  632  173  789  529  5  649  886  918  765  20  452  359  55  634  197  292  744  691  875  822  464  777  137  744  
157  145  28  973  279  852  756  50  51  750  35  565  460  926  333  399  167  664  921  606  622  583  7  30  192  135  826  64  414  466  128  267  41  376  407  779  306  549  618  423  450  454  941  431  163  340  821  414  606  188  219  180  63  486  371  231  703  701  312  452  528  326  611  680  526  740  955  604  691  155  959  504  667  884  666  142  98  201  605  851  843  666  92  506  226  454  378  58  916  358  390  80  478  998  930  376  555  293  929  104  
658  728  34  645  447  146  626  339  929  942  350  375  4  136  73  471  176  953  755  748  73  809  603  207  920  706  839  826  442  827  377  632  880  442  275  207  295  542  495  893  536  579  128  497  819  911  189  123  959  101  407  319  781  496  289  782  726  794  191  278  26  173  834  931  475  594  523  397  849  417  38  836  16  552  418  505  78  271  22  207  537  371  342  634  176  897  805  919  217  726  557  60  51  829  397  209  549  64  26  199  
47  314  210  128  911  117  805  0  407  999  412  858  388  819  743  334  531  157  537  657  927  86  375  581  326  97  649  835  652  388  136  910  960  819  289  890  750  649  816  893  797  385  224  444  906  925  202  601  412  228  357  732  841  577  957  488  489  482  503  640  322  686  147  137  187  946  43  473  510  950  852  640  535  915  346  958  466  752  952  470  756  262  232  577  696  24  792  278  245  991  822  80  6  965  230  800  466  520  569  853  
381  866  488  10  47  118  921  391  659  485  97  978  795  450  315  15  370  371  776  989  434  906  799  844  904  122  959  828  828  565  451  471  237  901  405  313  516  490  422  591  759  428  684  247  666  186  621  798  265  146  676  743  425  705  882  10  431  101  318  532  673  841  760  694  700  913  226  176  798  31  40  871  557  5  866  708  263  364  887  911  460  532  437  668  720  373  774  125  685  806  932  696  233  148  665  50  612  877  448  532  
509  477  992  5  989  760  970  569  620  617  873  961  18  299  106  970  121  398  508  122  977  421  297  952  804  717  53  764  956  656  207  863  401  299  54  860  975  588  965  351  831  81  362  252  453  637  676  171  562  4  299  403  603  785  852  245  282  53  373  219  771  931  582  960  58  706  257  833  187  275  227  421  826  627  931  785  956  787  546  335  741  918  228  527  307  395  142  62  395  932  560  263  243  806  758  928  128  178  889  182  
209  187  771  619  899  633  179  718  239  645  685  68  25  70  94  983  50  27  422  668  471  794  343  136  771  737  326  877  859  395  31  626  841  117  254  937  412  441  963  678  694  227  309  60  541  426  490  953  238  649  517  941  903  655  242  543  739  763  287  305  332  76  19  277  868  905  507  840  788  668  162  142  161  132  969  542  323  691  31  783  728  581  731  3  681  730  496  347  747  814  280  180  457  911  516  248  520  582  467  640  
819  898  449  360  232  617  393  291  930  769  822  513  896  958  935  822  399  204  674  341  75  472  586  84  980  554  371  738  478  462  245  191  129  451  751  203  643  290  183  394  58  371  63  341  31  110  946  908  175  70  599  12  219  370  428  379  11  702  295  716  407  47  130  895  406  686  253  239  418  879  344  251  931  875  673  933  867  179  987  319  803  517  352  240  428  796  367  737  960  19  953  772  417  426  745  999  706  396  235  965  
493  696  831  574  909  231  829  345  894  430  154  191  833  708  804  137  860  157  907  140  833  905  337  196  838  575  427  991  149  414  160  804  21  245  162  84  416  824  802  95  278  550  953  666  187  610  852  208  660  215  423  350  240  495  158  204  444  285  848  208  687  2  821  877  136  77  569  348  709  542  817  97  941  509  62  738  383  390  647  420  189  616  700  975  852  966  689  170  997  542  391  529  641  0  265  694  423  865  157  247  
410  777  890  727  714  697  729  942  7  953  135  597  485  361  929  397  940  158  225  472  704  376  777  147  857  682  565  465  147  705  670  435  440  424  595  751  644  859  451  359  474  707  281  100  342  802  175  546  610  487  319  573  221  476  669  796  88  822  816  630  323  277  27  882  552  349  999  171  301  627  60  380  800  564  79  376  998  179  678  429  565  33  314  170  955  650  140  526  383  701  139  715  182  844  789  868  400  150  188  378  
628  449  563  709  601  404  9  105  375  619  317  367  805  684  811  886  460  58  597  161  620  567  446  250  638  328  155  983  402  700  43  693  857  197  72  363  789  378  110  896  144  68  612  455  698  295  201  505  575  211  393  139  49  940  136  922  818  767  198  597  572  71  699  131  364  326  181  596  644  607  447  980  657  356  492  101  444  691  365  275  284  47  288  142  444  76  170  580  601  554  701  158  296  142  317  636  45  181  279  818  
278  715  108  357  17  972  293  25  844  968  743  69  324  780  913  698  487  198  227  767  245  201  553  656  20  226  848  80  708  690  9  677  868  62  668  883  242  451  222  260  992  190  798  990  877  587  308  109  153  803  83  723  61  340  282  397  794  140  501  496  146  669  577  900  956  744  263  111  331  755  128  381  353  461  483  535  112  459  155  529  18  356  468  81  505  722  591  996  961  970  740  379  133  822  367  991  383  360  286  824  
268  426  570  508  223  316  77  662  341  742  307  349  721  822  204  167  785  452  592  846  769  4  124  617  590  436  940  302  126  247  921  895  949  665  445  74  731  564  813  261  165  434  727  810  272  676  67  776  790  754  503  418  226  572  629  331  494  689  728  194  223  245  607  963  255  488  825  590  835  517  18  844  862  121  317  463  742  357  394  321  390  508  713  728  244  433  864  496  427  107  34  874  12  930  577  292  48  799  421  344  
329  455  741  689  394  809  621  636  803  808  313  452  906  410  793  336  31  154  621  857  263  339  107  94  731  614  550  842  873  390  586  705  603  394  822  166  7  786  288  969  192  478  671  672  874  44  877  651  627  736  19  12  552  153  602  383  150  577  39  270  259  636  79  280  883  389  892  643  559  302  910  183  11  551  645  253  279  881  349  88  440  219  435  259  64  436  744  348  172  906  116  391  644  571  836  829  224  698  71  878  
960  884  718  773  429  411  898  860  855  210  162  144  175  610  501  357  782  197  4  141  996  122  804  181  757  41  131  585  282  311  40  329  804  251  584  780  446  17  887  548  484  975  212  89  902  655  176  227  369  565  959  994  424  17  456  849  471  319  946  395  241  493  735  379  594  940  790  858  895  227  323  605  564  240  266  277  526  368  140  180  11  18  289  148  855  119  447  994  641  492  369  347  724  243  347  341  354  375  253  137  
742  471  711  480  945  652  269  140  16  966  98  528  35  156  153  690  753  691  641  144  106  306  665  913  581  531  861  454  556  99  304  361  717  382  579  548  154  517  36  580  706  705  314  208  289  469  816  253  414  503  696  292  388  855  738  38  332  595  53  118  888  778  141  816  450  96  710  881  470  489  792  423  998  273  307  850  533  259  949  244  270  289  290  821  990  588  363  281  791  644  186  966  950  658  140  568  871  484  912  711  
87  345  168  429  123  934  854  784  47  792  97  919  513  290  895  811  96  841  260  979  375  390  548  252  630  412  86  760  739  388  19  199  484  445  437  740  912  615  522  498  487  842  747  310  240  786  704  270  874  70  23  778  796  49  989  698  728  760  867  81  413  454  188  433  517  573  511  278  31  749  904  175  798  610  260  530  73  953  5  135  707  82  882  641  670  573  610  184  492  614  314  530  623  995  998  731  794  328  477  42  
207  576  616  391  370  415  403  698  541  542  37  37  662  807  13  69  910  881  773  53  691  934  132  419  624  899  655  503  907  735  527  41  304  232  529  954  740  931  585  782  933  274  368  1  552  291  929  112  490  398  630  273  235  103  200  605  272  949  319  156  360  866  799  362  482  429  75  833  269  948  86  295  671  837  56  514  642  703  317  897  524  820  589  276  558  90  735  487  791  507  711  26  641  449  298  173  501  78  407  387  
923  379  665  60  245  423  714  992  876  563  42  96  186  811  617  423  234  983  433  777  469  131  39  74  455  100  443  650  953  828  237  976  424  488  883  909  509  496  681  243  950  814  72  694  718  3  402  769  129  990  93  267  426  654  70  259  720  251  288  50  494  832  300  585  474  195  779  59  849  719  619  308  9  914  550  449  494  67  193  762  249  207  387  758  382  340  597  166  37  757  297  708  916  743  357  893  691  235  730  197  
552  262  680  386  643  45  493  204  420  877  262  547  124  313  468  897  122  493  899  73  759  523  575  201  307  956  656  508  210  2  55  395  433  563  809  837  894  440  860  108  767  575  904  962  425  878  56  876  28  921  49  958  148  645  634  951  356  830  772  735  310  470  947  966  446  31  974  718  88  219  716  859  407  42  672  10  111  820  46  896  85  399  910  725  990  35  857  696  581  996  769  37  793  40  774  301  70  42  398  12  
163  854  301  928  276  893  373  384  520  948  743  308  574  440  603  436  748  724  341  948  336  823  504  574  138  160  239  104  689  11  330  399  573  472  494  404  374  250  912  174  43  421  859  400  909  828  503  85  565  402  749  65  339  415  321  898  273  933  527  391  447  556  577  952  224  787  47  382  837  431  376  699  680  521  209  381  572  779  548  127  107  571  458  649  840  380  123  562  878  353  157  187  392  563  668  973  3  629  657  270  
865  565  950  672  719  646  321  162  337  85  159  411  717  392  947  148  221  525  839  973  313  458  594  363  868  425  690  625  710  719  892  788  722  980  538  500  896  549  60  39  654  969  322  248  187  145  873  320  932  468  884  4  154  713  173  336  820  966  756  65  665  592  727  201  40  740  371  519  628  638  466  317  962  392  509  342  293  926  532  703  252  23  235  221  193  702  103  600  790  49  466  615  332  978  779  852  284  181  402  993  
313  137  754  379  373  122  752  93  27  254  627  912  61  511  892  586  439  593  72  893  619  44  747  754  927  419  71  861  980  606  374  883  568  926  477  385  759  359  569  598  61  234  966  108  303  220  342  523  114  673  335  799  516  517  248  891  650  580  500  429  257  824  824  772  690  4  898  576  127  39  507  880  819  90  839  994  58  477  865  847  355  887  324  980  519  309  176  664  613  245  906  531  844  148  775  244  493  188  618  734  
551  905  436  588  405  702  99  354  934  812  303  838  587  995  880  342  502  996  996  572  912  854  0  223  763  87  580  508  938  718  948  189  703  367  180  137  139  766  549  981  907  23  445  704  376  181  483  405  399  122  963  572  91  663  367  106  176  196  543  771  970  186  73  117  85  639  125  799  790  866  627  281  17  111  414  814  276  677  20  695  284  502  822  90  679  815  302  323  538  993  63  561  516  768  49  701  34  370  676  310  
876  705  413  440  904  884  583  462  590  139  252  822  524  458  877  173  650  808  205  98  672  504  260  711  951  63  107  437  950  247  500  103  366  340  628  418  808  582  355  411  997  574  883  705  86  508  919  565  198  792  118  200  932  719  48  140  869  488  888  901  369  696  818  233  141  483  936  790  34  948  152  42  235  343  720  41  772  213  68  475  193  736  255  940  341  135  360  464  773  115  903  214  124  339  577  988  600  662  336  372  
716  0  422  741  415  694  979  373  213  565  397  966  29  263  472  174  451  520  159  531  455  600  841  503  645  610  279  585  822  60  772  596  359  488  638  747  169  459  53  485  641  595  74  870  241  119  34  374  414  841  427  814  387  487  261  48  430  603  220  863  873  447  62  135  764  597  296  301  809  894  438  10  120  305  986  644  884  862  77  485  446  339  172  480  953  440  364  834  877  758  649  662  264  13  196  276  98  854  147  498  
863  70  573  658  10  733  46  670  696  245  912  298  899  223  427  394  825  474  62  460  380  645  678  214  186  231  38  315  592  685  504  434  843  948  771  383  575  584  494  799  628  68  723  686  653  203  480  811  355  726  834  70  234  406  602  680  121  533  861  396  80  320  166  597  941  840  983  753  144  602  521  36  848  19  104  760  725  495  410  451  343  452  105  353  30  155  582  915  924  631  577  672  457  193  726  404  333  946  106  343  
571  34  415  551  972  209  820  248  193  517  89  962  805  796  938  308  498  970  961  704  203  196  273  143  754  6  800  966  876  586  372  809  385  98  417  207  832  32  514  654  970  491  111  153  974  717  805  711  893  204  412  990  550  181  909  583  765  199  27  556  176  663  188  351  411  744  327  333  476  534  696  27  801  75  625  527  296  601  820  722  839  944  631  645  470  962  854  314  953  182  535  140  522  739  138  714  535  429  736  647  
936  652  590  494  28  963  578  748  668  182  965  438  24  784  569  773  449  499  116  503  542  633  550  616  419  724  680  257  15  881  957  31  388  906  525  727  597  51  400  945  971  13  936  874  272  514  202  335  192  408  111  95  892  970  477  808  353  115  907  44  937  492  397  597  297  703  237  943  978  741  779  637  531  838  998  287  935  199  299  290  619  121  894  344  428  575  591  698  494  599  558  292  223  229  417  848  37  805  869  437  
549  704  500  808  358  984  127  12  733  407  116  222  331  957  697  52  404  873  114  504  225  914  78  456  856  494  169  984  201  90  438  281  981  811  299  603  979  133  170  393  451  674  468  180  678  893  89  331  677  719  598  65  913  682  486  72  955  725  132  133  366  327  135  859  778  207  471  325  833  851  384  158  471  39  660  603  694  721  118  836  935  779  548  918  376  416  740  988  170  563  739  584  554  636  793  636  811  4  569  510  
346  827  896  508  778  48  556  163  625  121  167  71  931  379  331  294  109  212  440  829  284  687  981  88  7  721  884  84  786  354  704  319  157  101  547  26  189  443  43  925  705  892  796  780  319  424  37  585  896  822  828  298  145  443  874  557  644  709  55  289  702  72  941  374  354  833  744  536  46  9  729  648  77  188  207  324  749  250  7  880  897  814  317  644  665  517  924  831  136  82  58  581  159  552  440  230  473  302  608  943  
135  498  551  252  172  279  6  302  3  465  147  193  24  179  429  426  892  495  961  447  837  902  590  135  893  848  848  364  34  910  363  694  462  397  701  354  800  94  673  698  235  645  385  935  405  494  628  748  402  535  305  333  850  890  451  439  169  825  605  418  773  175  640  85  477  468  394  265  520  609  633  968  356  637  137  511  616  687  482  794  676  462  301  647  191  117  384  222  849  546  640  727  106  970  15  421  387  437  871  689  
876  224  645  953  413  258  145  955  449  110  734  525  952  907  317  175  628  9  6  595  398  349  673  323  202  54  401  548  768  769  627  26  324  922  951  965  288  596  876  762  913  163  536  444  607  704  280  932  609  644  572  447  113  537  983  631  907  541  654  933  28  200  719  373  72  344  588  930  692  171  584  52  694  670  681  903  850  955  838  327  798  919  515  672  352  917  571  770  518  429  734  277  639  666  691  753  8  715  846  322  
169  311  86  946  1  270  65  799  951  965  201  230  843  154  371  552  844  34  996  557  852  536  543  134  977  142  646  815  4  608  581  156  327  311  149  187  187  28  63  35  552  78  830  139  73  717  387  375  150  936  307  966  635  868  860  831  410  805  408  973  149  258  361  993  678  436  869  751  122  592  388  363  587  606  216  550  566  936  915  971  125  638  344  903  45  481  99  777  210  104  362  502  441  16  856  471  726  990  600  7  
592  962  159  616  130  596  869  350  547  418  717  22  992  430  738  735  776  857  620  922  713  452  684  903  633  49  381  777  648  477  716  250  364  793  673  97  780  369  93  587  297  661  958  215  345  566  378  455  438  291  121  764  87  772  269  306  462  950  958  636  146  905  617  472  189  326  97  262  272  446  449  773  702  583  913  87  535  807  175  286  854  966  7  111  333  255  342  70  574  895  948  858  293  554  728  826  733  690  8  272  
640  617  753  581  172  153  332  181  818  417  298  612  832  955  25  314  817  524  383  483  835  180  886  26  994  135  265  927  643  363  390  438  283  410  380  146  97  226  535  657  746  628  242  210  860  682  860  573  204  476  591  458  860  989  948  36  215  169  163  551  319  713  98  312  433  323  963  228  247  780  787  916  471  175  688  855  177  923  75  864  759  279  30  905  944  857  952  865  526  376  686  402  537  462  396  758  618  658  157  51  
445  445  760  436  745  300  179  715  705  341  404  172  576  533  485  363  833  673  888  496  93  212  356  113  593  448  726  489  270  385  643  536  426  134  461  780  616  441  980  350  812  185  455  631  121  878  996  829  254  213  388  529  150  172  946  475  231  865  397  456  349  278  356  227  608  951  378  281  500  847  915  89  384  896  13  84  385  921  930  465  151  141  189  805  759  954  795  281  179  791  132  228  416  777  561  666  694  352  337  589  
413  430  527  883  686  191  966  520  263  543  144  126  916  169  506  10  354  988  725  409  309  427  521  379  397  668  706  255  300  144  335  895  899  677  689  845  270  449  377  637  413  56  285  597  389  200  125  379  430  747  352  974  781  324  100  567  749  630  870  393  258  257  15  471  407  510  760  549  368  165  487  514  394  580  490  53  162  723  771  685  315  135  549  781  436  156  278  760  833  382  318  873  848  969  423  366  679  583  893  501  
893  954  639  776  62  203  686  670  971  579  814  18  937  863  980  264  792  481  103  932  535  149  105  645  102  985  15  939  293  361  263  901  43  553  586  286  873  980  130  480  608  261  30  777  56  309  100  854  891  444  30  677  113  355  616  895  965  57  352  630  423  740  303  571  396  282  488  60  115  9  494  516  473  852  67  675  728  423  86  71  915  77  692  363  885  463  186  199  131  592  170  424  847  119  237  569  46  117  144  586  
676  816  313  433  487  551  979  431  681  822  673  972  338  764  56  132  773  139  480  827  745  120  380  80  404  172  312  343  771  618  530  201  740  738  380  815  552  445  1  381  403  930  854  700  6  776  571  514  296  317  882  214  400  519  999  670  765  769  264  803  330  0  495  16  628  311  206  247  949  743  235  637  751  371  180  631  825  507  484  740  38  670  103  485  902  790  218  883  972  287  158  791  162  833  759  760  722  38  632  400  
15  469  658  88  643  272  924  301  306  163  292  427  414  838  343  466  45  285  870  109  592  374  546  538  461  267  521  631  471  0  521  946  229  71  725  237  136  266  686  175  17  145  827  198  210  733  595  603  531  12  658  127  97  878  771  741  330  111  782  447  692  942  458  950  822  581  692  596  815  954  785  181  670  669  328  525  737  235  107  347  586  330  999  486  255  918  666  255  393  524  254  32  799  646  123  403  708  686  529  758  
862  206  101  869  961  70  444  120  211  263  918  535  345  185  645  52  666  352  391  632  418  556  287  56  738  96  683  761  14  659  610  90  831  862  772  257  570  342  230  80  144  402  93  169  928  175  523  232  298  770  825  120  693  837  644  737  820  550  563  641  851  124  647  808  569  268  723  56  89  291  615  508  649  44  184  480  670  253  970  979  415  501  408  824  186  888  419  835  724  999  210  50  13  593  297  369  59  734  373  602  
862  614  702  285  900  317  302  325  357  258  193  91  649  145  838  615  81  349  189  884  660  170  401  996  43  234  623  612  47  381  464  464  913  895  468  674  674  549  583  791  988  848  809  378  697  733  600  758  11  444  633  806  203  64  631  111  165  262  563  617  180  225  460  369  18  70  296  179  347  339  652  358  779  101  841  728  853  875  672  676  590  821  72  992  761  113  189  260  51  550  690  312  402  858  386  974  866  426  748  616  
128  793  461  202  626  450  722  571  247  841  590  489  651  711  769  683  574  556  618  162  358  91  526  402  793  72  522  861  663  372  485  650  519  213  449  660  946  911  988  421  605  944  146  781  707  699  93  430  482  67  23  770  956  226  927  134  193  162  403  312  995  204  349  952  930  712  313  299  65  156  118  30  953  232  155  761  252  257  819  793  157  124  996  962  934  422  461  373  346  162  894  767  500  338  820  506  295  65  309  544  
528  441  232  300  681  721  457  100  0  209  132  948  567  872  920  548  292  494  566  222  292  838  810  592  964  6  17  377  920  90  947  281  863  445  92  609  15  930  685  630  341  35  624  80  816  31  436  264  551  681  789  865  671  231  64  853  921  400  237  171  172  105  534  864  47  898  95  413  10  652  959  647  653  798  758  452  72  753  975  236  909  272  152  798  955  348  287  542  821  223  648  275  19  399  860  37  270  182  52  246  
321  879  190  72  527  915  175  872  104  694  762  826  784  443  16  294  217  703  904  809  863  604  593  918  260  228  278  702  406  802  409  654  902  107  315  289  235  226  386  693  742  13  972  554  806  794  916  472  359  6  363  272  463  559  752  110  297  656  627  997  846  613  790  28  840  336  61  376  568  619  312  346  419  607  646  634  57  205  796  228  351  546  903  938  717  920  286  170  593  179  308  450  893  825  692  537  287  534  645  575  
464  638  280  808  168  876  776  908  600  211  706  771  759  507  484  280  705  175  459  731  212  796  976  283  69  68  251  428  459  708  74  285  378  715  259  597  83  188  913  216  946  237  636  852  985  649  396  161  955  395  174  968  282  780  312  882  645  23  778  725  708  67  613  371  910  329  625  547  94  414  865  20  57  291  450  535  27  164  181  909  211  541  744  137  300  371  251  94  37  794  225  532  915  555  86  623  948  921  625  801  
960  700  2  18  108  269  957  197  719  515  639  780  665  693  424  734  592  313  290  160  180  301  954  498  326  156  572  228  525  211  683  48  577  620  641  297  259  419  532  757  724  903  363  423  261  283  39  640  783  318  413  783  692  887  426  46  790  285  408  63  423  575  633  287  368  23  969  874  118  108  265  215  770  32  736  949  87  399  125  510  633  369  163  827  173  714  284  984  219  400  721  242  107  276  408  830  127  29  352  227  
741  361  113  579  953  574  863  398  520  176  321  8  199  420  804  84  901  596  110  825  590  923  664  732  794  164  123  766  709  958  486  463  400  483  214  706  200  705  408  739  78  176  211  183  671  693  698  275  141  934  56  464  781  783  876  965  378  973  64  29  570  633  92  915  351  735  808  227  505  104  58  99  803  309  485  90  771  381  155  583  605  16  987  573  202  644  94  302  741  24  855  798  998  384  146  849  531  200  311  855  
228  652  526  302  877  608  4  329  585  411  815  49  989  481  871  601  91  906  6  30  673  293  297  630  881  505  647  152  90  845  313  77  791  805  779  869  6  456  275  581  35  217  807  479  902  627  851  611  826  472  627  365  720  107  134  327  172  333  620  944  165  221  745  461  683  147  578  711  572  359  207  837  872  501  50  307  470  564  712  675  310  983  925  452  408  916  445  536  421  867  112  274  573  537  477  119  296  374  938  204  
177  707  587  865  448  632  721  661  503  293  645  410  583  584  734  362  411  518  718  681  245  917  964  117  880  353  254  708  783  77  900  885  404  13  373  514  178  322  788  827  23  934  715  47  749  616  603  863  920  602  619  499  629  25  271  73  568  349  995  963  662  122  64  217  749  605  933  174  312  179  474  559  272  495  393  826  975  234  343  651  807  208  450  805  387  704  386  511  100  557  492  164  822  411  517  592  460  467  972  784  
233  619  564  769  168  799  96  299  567  789  88  47  928  264  387  423  632  970  221  654  155  664  715  136  448  513  604  634  0  471  674  589  85  25  329  527  385  96  808  795  357  368  462  906  51  49  551  258  381  807  175  190  631  175  733  246  554  804  996  56  747  72  558  151  916  286  298  907  274  680  224  25  311  332  114  405  232  197  165  293  409  7  208  504  871  482  333  710  758  859  86  801  597  847  321  341  71  490  326  68  
939  808  681  174  230  9  716  719  903  226  631  752  627  25  770  370  435  865  633  521  275  760  593  278  356  493  67  575  492  765  758  403  164  15  618  40  442  231  731  416  784  9  218  244  781  591  866  31  563  956  697  214  385  89  190  750  585  591  770  46  724  975  730  231  413  495  420  666  179  334  647  296  739  73  144  616  678  471  995  116  783  506  462  405  967  167  644  945  756  544  585  561  607  951  865  800  206  326  878  473  
970  853  674  16  153  532  497  796  726  97  211  723  231  852  272  486  967  282  212  55  630  175  766  937  350  30  348  518  903  406  121  127  709  597  113  463  88  848  236  24  933  175  290  339  867  755  110  698  928  761  174  129  573  659  50  300  223  821  386  490  920  285  989  603  590  878  991  685  57  375  498  85  603  448  337  685  259  556  137  56  762  134  833  446  778  757  972  92  636  361  676  747  353  635  425  725  171  744  890  427  
557  351  827  74  176  555  712  871  495  722  616  121  909  431  750  214  278  653  12  65  755  501  473  18  746  714  317  94  846  443  650  592  298  601  406  864  388  481  262  707  880  68  756  764  177  189  812  570  928  579  596  745  886  752  290  421  860  664  659  84  837  30  368  12  442  836  59  942  575  874  931  161  628  833  869  937  207  680  396  41  727  190  714  278  932  201  663  774  437  751  616  690  666  763  468  984  596  354  20  36  
905  654  617  127  708  538  442  368  237  912  365  619  661  496  302  279  325  137  919  357  903  357  999  909  524  400  325  195  352  105  158  954  147  12  774  735  537  663  371  98  804  396  680  993  161  855  937  213  400  584  874  72  896  451  253  823  363  670  644  29  517  394  987  817  899  574  882  737  746  736  426  478  813  613  21  241  107  516  835  391  255  70  906  289  42  424  237  287  503  108  384  31  813  413  195  56  826  234  678  579  
414  173  548  404  998  83  859  910  898  78  387  829  889  858  876  304  412  486  213  6  96  916  530  207  247  402  342  879  193  161  689  639  607  277  556  853  697  758  691  165  80  263  89  927  366  718  443  803  757  499  317  691  358  332  90  728  971  560  163  575  631  723  469  220  836  705  671  808  772  862  804  176  948  910  383  630  46  384  820  476  351  912  863  134  409  333  559  687  121  136  266  975  531  791  55  323  60  697  760  333  
761  123  439  734  246  978  810  657  962  633  410  634  145  293  800  671  361  863  529  878  817  803  668  455  959  975  49  107  225  917  629  573  959  4  467  96  167  548  629  41  136  673  475  286  539  866  955  487  230  138  81  484  91  278  793  472  506  385  75  196  954  381  654  447  797  938  177  444  653  284  894  893  497  752  767  135  917  438  325  237  97  110  15  921  728  940  936  25  363  870  12  71  623  688  692  419  5  861  720  124  
